164 790 402 529 678 250 752 740
580 74 490 374 452 376 414 652 18 132 862 144 781 790 67
101 781 578 585 615 754
603 991 803 929 946 638 184 332 655 705 963 848 920 146 192 931 109 926 521
314 268 226 9 375 161 827 866 507 973 532 204 990 853
61 880 127 920 955 399 376 510 879 605 580 259 95 669 346 777
293 44 663 745 792 792 382 399 164 474 767 169 88
43 606 454 570 49
866 610 574 74 372 494 222 783 293 98
140 353 668 533 324 170 52 363 509 609 970 312 901 58 8
5 396 870 435 818 207 831 995 175 372 957
74 632 609 493 293 582 377 2 668 54 843
339 466 789 533 725 875 4 236 19
849 390 487 729 889 559 750 939 913 750 819 344 504 823 692 515